# yamllint disable
end-of-epoch: true
loss: 0.006630745524054637
stoi: 0.9947826862335205
unixtime: 1648697114.0417566
